www.brookstone.com.html, 0, 0, 0, 0, 0, 0, 0, 0, 0, 0, 0, 0, 0, 0, 0, 0, 0, 0, 0, 0, 0, 0, 0, 0, 0, 0, 1, 0, 0, 0, 0, 0, 0, 0, 0, 0, 0, 0, 0, 0, 0, 0, 0, 0, 0, False, 0.0, 0.0, 0, 0.0, 0.0, 0.0, 0.0, 0.0, 0.0, -526.0, -11782.2580645, 0
www.brookstone.com.html, 0, 0, 0, 0, 0, 0, 0, 0, 0, 0, 0, 0, 0, 0, 0, 0, 0, 0, 0, 0, 0, 0, 0, 0, 0, 0, 1, 0, 0, 0, 0, 0, 0, 0, 0, 0, 0, 0, 0, 0, 0, 0, 0, 0, 0, False, 0.0, 0.0, 0, 0.0, 0.0, 0.0, 0.0, 0.0, 0.0, -526.0, -11782.2580645, 0
www.brookstone.com.html, 0, 0, 0, 0, 0, 0, 0, 0, 0, 0, 0, 0, 0, 0, 0, 0, 0, 0, 0, 0, 0, 0, 0, 0, 0, 0, 1, 0, 0, 0, 0, 0, 0, 0, 0, 0, 0, 0, 0, 0, 0, 0, 0, 0, 0, False, 0.0, 0.0, 0, 0.0, 0.0, 0.0, 0.0, 0.0, 0.0, -526.0, -11782.2580645, 0
www.brookstone.com.html, 0, 0, 0, 0, 0, 0, 0, 0, 0, 0, 0, 0, 0, 0, 0, 0, 0, 0, 0, 0, 0, 0, 0, 0, 0, 0, 1, 0, 0, 0, 0, 0, 0, 0, 0, 0, 0, 0, 0, 0, 0, 0, 0, 0, 0, False, 0.0, 0.0, 0, 0.0, 0.0, 0.0, 0.0, 0.0, 0.0, -526.0, -11782.2580645, 0
www.brookstone.com.html, 0, 0, 0, 0, 0, 0, 0, 0, 0, 0, 0, 0, 0, 0, 0, 0, 0, 0, 0, 0, 0, 0, 0, 0, 0, 0, 1, 0, 0, 0, 0, 0, 0, 0, 0, 0, 0, 0, 0, 0, 0, 0, 0, 0, 0, False, 0.0, 0.0, 0, 0.0, 0.0, 0.0, 0.0, 0.0, 0.0, -526.0, -11782.2580645, 0
www.brookstone.com.html, 0, 0, 0, 0, 0, 0, 0, 1, 0, 0, 0, 7, 1, 1, 0, 0, 0, 0, 1, 0, 0, 0, 0, 0, 0, 0, 0, 0, 0, 0, 0, 1, 0, 0, 0, 0, 0, 0, 0, 0, 0, 0, 0, 0, 0, True, 133.5, 1460.5, 0.333333333333, 18.3847763109, 125.0, 288.293253476, 105.558040906, 108.417018959, 172.262154869, 7.68421052632, -11275.2580645, 0
www.brookstone.com.html, 0, 0, 0, 0, 0, 0, 0, 1, 0, 0, 0, 10, 0, 0, 0, 0, 0, 0, 1, 0, 0, 0, 0, 0, 0, 0, 0, 0, 0, 0, 0, 1, 0, 0, 0, 0, 0, 0, 0, 0, 0, 0, 0, 0, 0, True, 120.5, 1473.5, 0.194029850746, 18.3847763109, 138.610966377, 301.0, 95.0644518209, 119.643219616, 185.033105146, 390.842105263, -10911.2580645, 0
www.brookstone.com.html, 0, 0, 0, 0, 0, 0, 0, 1, 0, 0, 0, 7, 1, 1, 0, 0, 0, 0, 1, 0, 0, 0, 0, 0, 0, 0, 0, 0, 0, 0, 0, 1, 0, 0, 0, 0, 0, 0, 0, 0, 0, 0, 0, 0, 0, True, 258.5, 1460.5, 0.333333333333, 125.0, 138.610966377, 163.517583152, 109.820307776, 160.911466341, 172.494202801, 7.68421052632, -11275.2580645, 0
www.brookstone.com.html, 0, 0, 0, 0, 0, 0, 0, 1, 0, 0, 0, 6, 1, 1, 0, 0, 0, 0, 1, 0, 0, 0, 0, 0, 0, 0, 0, 0, 0, 0, 0, 1, 0, 0, 0, 0, 0, 0, 0, 0, 0, 0, 0, 0, 0, True, 434.5, 1460.5, 0.393939393939, 18.3847763109, 140.602275942, 176.0, 93.1624924527, 105.700047304, 106.795365068, -74.4210526316, -11353.2580645, 0
www.brookstone.com.html, 0, 0, 0, 0, 0, 0, 0, 1, 0, 0, 0, 9, 0, 0, 0, 0, 0, 0, 1, 0, 0, 0, 0, 0, 0, 0, 0, 0, 0, 0, 0, 1, 0, 0, 0, 0, 0, 0, 0, 0, 0, 0, 0, 0, 0, True, 421.5, 1473.5, 0.213114754098, 18.3847763109, 155.193427696, 163.517583152, 82.1112050819, 103.393665183, 119.44140823, 308.736842105, -10989.2580645, 0
www.brookstone.com.html, 0, 0, 0, 0, 0, 0, 0, 1, 0, 0, 0, 10, 0, 0, 0, 0, 0, 0, 1, 0, 0, 0, 0, 0, 0, 0, 0, 0, 0, 0, 0, 1, 0, 0, 0, 0, 0, 0, 0, 0, 0, 0, 0, 0, 0, True, 574.5, 1447.5, 0.206349206349, 137.615406114, 140.602275942, 155.193427696, 94.3318610015, 113.473565204, 137.449081481, 336.105263158, -10963.2580645, 0
www.brookstone.com.html, 0, 0, 0, 0, 0, 0, 0, 1, 0, 0, 0, 6, 1, 1, 0, 0, 0, 0, 1, 0, 0, 0, 0, 0, 0, 0, 0, 0, 0, 0, 0, 1, 0, 0, 0, 0, 0, 0, 0, 0, 0, 0, 0, 0, 0, True, 711.5, 1460.5, 0.393939393939, 137.615406114, 277.0, 290.291233075, 110.691011379, 158.658438162, 200.387749127, -74.4210526316, -11353.2580645, 0
www.brookstone.com.html, 0, 0, 0, 0, 0, 0, 0, 1, 0, 0, 0, 7, 1, 1, 0, 0, 0, 0, 1, 0, 0, 0, 0, 0, 0, 0, 0, 0, 0, 0, 0, 1, 0, 0, 0, 0, 0, 0, 0, 0, 0, 0, 0, 0, 0, True, 878.0, 283.0, 0.333333333333, 303.511531906, 408.451343491, 419.346217343, 281.300551013, 351.205068301, 354.664982765, 497.157894737, -10810.2580645, 1
www.brookstone.com.html, 0, 0, 0, 0, 0, 0, 0, 1, 0, 0, 0, 7, 1, 1, 0, 0, 0, 0, 1, 0, 0, 0, 0, 0, 0, 0, 0, 0, 0, 0, 0, 1, 0, 0, 0, 0, 0, 0, 0, 0, 0, 0, 0, 0, 0, True, 981.0, 568.5, 0.1625, 108.195425042, 121.0, 190.0, 90.1124297753, 98.0318825689, 127.633263689, 568.736842105, -10742.2580645, 0
www.brookstone.com.html, 0, 0, 0, 0, 0, 0, 0, 1, 0, 0, 0, 7, 1, 1, 0, 0, 0, 0, 1, 0, 0, 0, 0, 0, 0,